0
0
1
2
3
3
4
6
10
11
12
12
14
15
19
20
22
22
23
23
28
29
29
33
35
35
42
44
45
46
48
50
50
54
54
54
57
58
58
59
59
60
61
61
61
62
63
64
64
65
65
66
66
66
68
68
69
70
70
71
71
75
75
76
77
78
78
79
81
81
81
81
82
82
83
84
84
85
86
89
89
90
91
92
93
94
95
96
97
97
98
99
99
99
100
100
100
100
101
102
102
102
103
107
108
109
110
111
113
114
116
116
119
119
122
122
122
124
124
126
128
128
129
129
135
136
136
138
139
140
141
146
148
150
150
152
153
153
154
155
156
156
158
160
160
162
165
165
165
166
166
169
170
170
171
172
174
174
175
175
176
177
177
179
179
179
180
181
181
182
183
183
185
186
186
186
186
186
187
187
188
189
196
198
199
199
200
201
201
201
202
205
206
206
207
208
209
209
209
210
210
211
211
212
213
213
215
215
217
217
217
217
218
221
223
223
225
227
232
233
234
235
235
235
235
236
237
239
241
242
243
246
249
250
251
252
253
253
253
253
254
254
255
256
259
259
260
261
263
265
266
266
267
270
270
271
271
273
273
274
275
276
279
280
281
282
282
283
284
286
289
290
291
292
292
294
295
296
298
299
300
300
300
300
300
302
302
302
305
306
306
307
308
311
311
311
311
312
314
314
314
317
319
319
322
325
326
327
328
329
330
330
331
332
332
333
333
334
335
335
335
336
337
337
338
338
339
341
342
342
348
349
349
350
350
351
352
352
354
354
357
358
358
358
359
360
360
363
364
365
366
367
367
368
368
371
371
373
374
375
376
376
377
377
378
382
382
383
386
389
390
390
390
391
392
392
392
392
393
393
395
396
397
397
397
397
398
398
398
400
400
402
402
404
405
405
406
406
406
408
411
411
412
416
416
419
420
421
421
421
422
422
423
424
425
426
427
429
431
431
433
433
434
435
435
436
437
438
438
439
440
441
441
441
441
441
441
445
445
445
445
445
446
448
451
451
453
453
454
457
457
458
458
458
458
459
459
461
461
462
464
465
466
467
467
468
468
469
469
469
470
471
471
473
474
474
475
476
476
477
478
478
480
480
484
484
485
485
485
486
489
489
490
491
491
493
494
494
494
497
498
498
498
498
499
499
499
500
500
500
500
507
507
508
509
510
511
512
512
513
514
514
514
515
516
517
517
518
518
519
520
521
521
521
522
522
524
525
530
530
530
531
532
532
533
536
537
537
537
539
540
545
548
549
551
552
552
554
554
554
554
555
555
555
556
557
563
563
565
567
567
567
572
573
573
574
577
577
578
579
580
581
583
583
584
586
586
586
587
587
587
589
589
590
590
590
591
592
594
594
595
598
602
602
602
603
604
608
608
609
609
610
610
611
613
614
614
614
615
617
619
620
621
622
622
623
624
627
628
630
630
631
633
635
636
636
638
638
638
640
640
641
642
643
643
643
643
644
644
645
645
646
649
651
652
652
653
654
654
657
658
659
661
661
661
662
663
664
667
668
668
668
669
669
670
670
670
675
675
679
679
682
682
684
684
685
685
685
686
687
688
688
689
693
694
694
695
695
696
697
697
700
700
701
701
702
704
704
704
705
706
707
708
708
708
708
709
710
714
716
716
718
720
723
723
724
727
727
728
734
735
736
737
738
739
741
743
743
743
744
746
746
747
747
751
752
753
754
755
755
757
759
760
760
763
763
764
764
765
766
768
768
770
771
775
776
777
781
786
786
787
787
788
788
789
789
793
793
796
797
798
799
800
806
807
807
807
808
808
808
810
810
811
812
813
816
817
817
818
819
820
822
822
823
824
825
826
829
829
829
830
831
832
833
833
834
834
836
837
837
838
838
839
839
840
842
843
843
844
845
847
849
849
853
854
854
855
855
856
858
858
861
862
862
863
868
869
870
870
870
871
872
873
874
875
875
875
876
876
877
877
878
879
879
880
881
881
882
883
883
884
885
885
885
885
886
886
889
890
892
892
892
893
893
893
893
894
896
896
899
900
901
902
902
902
903
904
907
908
908
909
909
909
909
911
911
912
913
913
913
914
916
916
916
917
918
920
923
923
923
923
923
923
924
927
927
927
928
928
928
930
930
931
931
932
933
933
935
935
936
937
939
940
940
943
944
944
945
945
945
945
946
946
947
947
947
948
949
950
950
951
951
952
953
954
959
960
961
962
965
968
969
969
971
972
972
974
976
976
977
979
979
980
981
982
983
984
988
988
988
991
992
992
993
994
994
997
997
998