265
249
314
202
573
165
608
179
977
760
94
2
337
270
913
82
366
889
959
423
950
972
338
116
522
537
554
993
177
296
70
393
217
332
728
786
92
64
945
395
913
485
187
944
158
241
879
81
485
923
294
735
160
936
992
793
720
798
275
654
431
924
422
136
670
453
679
289
592
108
342
868
902
337
567
743
441
329
271
319
95
300
491
907
628
708
657
175
183
880
100
290
834
233
274
682
435
613
994
435
853
902
789
243
694
589
46
466
206
199
847
643
3
563
661
594
984
497
943
166
11
207
97
217
577
771
843
776
764
930
259
474
79
98
701
459
615
436
302
530
826
457
700
909
961
311
84
949
981
939
0
29
610
574
810
464
461
99
119
808
97
983
468
817
743
979
554
763
552
617
509
870
326
54
459
365
383
62
471
498
881
609
614
235
862
400
371
991
951
519
892
445
940
368
23
201
589
283
250
198
298
100
156
286
688
799
700
971
630
668
474
271
110
739
896
299
302
836
916
500
521
475
397
935
816
434
892
469
883
587
976
201
909
932
838
885
477
445
352
408
119
849
42
352
885
61
837
883
817
757
854
931
305
478
279
126
411
150
976
54
763
273
886
63
213
33
623
81
330
685
602
392
716
252
855
946
633
839
223
590
458
10
441
500
253
300
675
0
598
234
524
12
573
902
480
424
911
908
376
738
594
185
917
170
686
90
507
217
549
91
467
205
441
400
988
994
974
458
517
254
947
267
440
446
718
179
583
669
614
532
916
602
881
75
536
928
89
920
753
225
627
854
291
114
169
22
893
354
183
754
319
962
165
872
280
421
532
552
467
982
586
522
392
781
554
951
367
69
451
800
489
336
727
215
100
531
209
525
186
988
581
770
235
339
635
834
638
174
65
186
500
511
661
122
448
744
950
813
189
787
786
28
894
334
490
128
796
661
109
578
66
266
829
187
825
777
636
638
404
311
306
209
426
102
899
239
113
199
223
64
863
563
186
186
465
822
176
491
377
555
438
153
328
50
806
498
210
788
181
177
512
311
1
620
760
411
884
166
875
877
727
702
75
236
136
610
405
102
707
608
797
670
875
438
398
918
948
622
580
210
500
695
392
23
237
622
972
933
429
992
374
807
904
29
684
174
341
152
811
876
980
260
871
6
587
954
565
512
912
878
494
360
422
843
68
664
439
741
441
218
837
537
844
331
969
406
567
931
933
807
458
357
830
890
371
235
668
694
81
624
15
689
322
182
869
416
317
445
273
486
494
789
652
211
685
386
875
333
484
927
217
900
213
93
609
425
808
358
368
752
909
685
266
282
768
390
276
946
468
302
508
988
390
454
885
548
877
747
518
261
640
89
61
997
643
923
775
420
788
469
335
520
295
406
246
927
923
478
83
668
350
363
638
111
129
77
284
196
893
431
419
150
669
746
300
349
911
378
206
584
533
307
793
687
764
651
359
259
433
909
116
358
367
507
595
965
923
577
59
470
540
514
146
591
349
551
3
928
397
170
397
180
332
405
833
670
652
614
494
485
215
603
99
960
398
78
458
421
58
338
885
129
684
498
530
84
586
212
856
251
256
567
390
695
937
849
66
944
997
335
165
20
70
48
155
708
590
58
545
697
402
662
861
953
810
572
751
480
667
658
693
515
510
842
874
211
521
498
181
521
469
311
457
393
300
682
81
644
555
100
397
945
952
908
858
935
679
893
461
969
968
154
148
101
947
4
913
128
484
78
832
140
818
820
330
282
886
416
746
916
697
171
254
807
270
870
747
737
822
611
845
516
539
621
723
579
704
160
870
812
308
947
153
162
200
688
19
471
96
476
709
642
640
122
892
406
643
71
445
421
373
743
514
99
556
653
914
292
253
833
755
493
427
586
882
706
930
124
831
312
335
489
873
389
696
755
325
50
768
513
391
787
14
242
823
412
462
376
499
398
604
402
499
22
314
555
68
54
824
437
253
554
644
57
819
263
979
382
641
708
631
879
927
724
60
221
829
358
138
587
714
708
499
734
375
12
645
518
766
35
643
704
858
517
893
654
76
701
473
514
716
61
107
441
876
35
392
630
122
453
396
619
235
433
928
351
44
765
451
530
808
102
923
583
649
354
179
350
736
445
327
602
333
590
156
86
172
227
645
675
659
45
139
476
840
255
839
838
710
232
998
855
940
705
360
557
923
82
59
208
537
300
292
103
901
175
704
377
829
141
342
636
723
759
364
124
896
135
306
348
85
945
71
862
209
66
186
663
281
441
382
201
65
188
903
945
646
314
253