998
997
997
994
994
993
992
992
991
988
988
988
984
983
982
981
980
979
979
977
976
976
974
972
972
971
969
969
968
965
962
961
960
959
954
953
952
951
951
950
950
949
948
947
947
947
946
946
945
945
945
945
944
944
943
940
940
939
937
936
935
935
933
933
932
931
931
930
930
928
928
928
927
927
927
924
923
923
923
923
923
923
920
918
917
916
916
916
914
913
913
913
912
911
911
909
909
909
909
908
908
907
904
903
902
902
902
901
900
899
896
896
894
893
893
893
893
892
892
892
890
889
886
886
885
885
885
885
884
883
883
882
881
881
880
879
879
878
877
877
876
876
875
875
875
874
873
872
871
870
870
870
869
868
863
862
862
861
858
858
856
855
855
854
854
853
849
849
847
845
844
843
843
842
840
839
839
838
838
837
837
836
834
834
833
833
832
831
830
829
829
829
826
825
824
823
822
822
820
819
818
817
817
816
813
812
811
810
810
808
808
808
807
807
807
806
800
799
798
797
796
793
793
789
789
788
788
787
787
786
786
781
777
776
775
771
770
768
768
766
765
764
764
763
763
760
760
759
757
755
755
754
753
752
751
747
747
746
746
744
743
743
743
741
739
738
737
736
735
734
728
727
727
724
723
723
720
718
716
716
714
710
709
708
708
708
708
707
706
705
704
704
704
702
701
701
700
700
697
697
696
695
695
694
694
693
689
688
688
687
686
685
685
685
684
684
682
682
679
679
675
675
670
670
670
669
669
668
668
668
667
664
663
662
661
661
661
659
658
657
654
654
653
652
652
651
649
646
645
645
644
644
643
643
643
643
642
641
640
640
638
638
638
636
636
635
633
631
630
630
628
627
624
623
622
622
621
620
619
617
615
614
614
614
613
611
610
610
609
609
608
608
604
603
602
602
602
598
595
594
594
592
591
590
590
590
589
589
587
587
587
586
586
586
584
583
583
581
580
579
578
577
577
574
573
573
572
567
567
567
565
563
563
557
556
555
555
555
554
554
554
554
552
552
551
549
548
545
540
539
537
537
537
536
533
532
532
531
530
530
530
525
524
522
522
521
521
521
520
519
518
518
517
517
516
515
514
514
514
513
512
512
511
510
509
508
507
507
500
500
500
500
499
499
499
498
498
498
498
497
494
494
494
493
491
491
490
489
489
486
485
485
485
484
484
480
480
478
478
477
476
476
475
474
474
473
471
471
470
469
469
469
468
468
467
467
466
465
464
462
461
461
459
459
458
458
458
458
457
457
454
453
453
451
451
448
446
445
445
445
445
445
441
441
441
441
441
441
440
439
438
438
437
436
435
435
434
433
433
431
431
429
427
426
425
424
423
422
422
421
421
421
420
419
416
416
412
411
411
408
406
406
406
405
405
404
402
402
400
400
398
398
398
397
397
397
397
396
395
393
393
392
392
392
392
391
390
390
390
389
386
383
382
382
378
377
377
376
376
375
374
373
371
371
368
368
367
367
366
365
364
363
360
360
359
358
358
358
357
354
354
352
352
351
350
350
349
349
348
342
342
341
339
338
338
337
337
336
335
335
335
334
333
333
332
332
331
330
330
329
328
327
326
325
322
319
319
317
314
314
314
312
311
311
311
311
308
307
306
306
305
302
302
302
300
300
300
300
300
299
298
296
295
294
292
292
291
290
289
286
284
283
282
282
281
280
279
276
275
274
273
273
271
271
270
270
267
266
266
265
263
261
260
259
259
256
255
254
254
253
253
253
253
252
251
250
249
246
243
242
241
239
237
236
235
235
235
235
234
233
232
227
225
223
223
221
218
217
217
217
217
215
215
213
213
212
211
211
210
210
209
209
209
208
207
206
206
205
202
201
201
201
200
199
199
198
196
189
188
187
187
186
186
186
186
186
185
183
183
182
181
181
180
179
179
179
177
177
176
175
175
174
174
172
171
170
170
169
166
166
165
165
165
162
160
160
158
156
156
155
154
153
153
152
150
150
148
146
141
140
139
138
136
136
135
129
129
128
128
126
124
124
122
122
122
119
119
116
116
114
113
111
110
109
108
107
103
102
102
102
101
100
100
100
100
99
99
99
98
97
97
96
95
94
93
92
91
90
89
89
86
85
84
84
83
82
82
81
81
81
81
79
78
78
77
76
75
75
71
71
70
70
69
68
68
66
66
66
65
65
64
64
63
62
61
61
61
60
59
59
58
58
57
54
54
54
50
50
48
46
45
44
42
35
35
33
29
29
28
23
23
22
22
20
19
15
14
12
12
11
10
6
4
3
3
2
1
0
0